eMOEA:
    Hypervolume: 0.42172839506172843
    GenerationalDistance: 0.0
NSGAII:
    Hypervolume: 0.3407407407407408
    GenerationalDistance: 0.0
Random:
    Hypervolume: 0.0
    GenerationalDistance: 0.0
NSGAIII:
    Hypervolume: 0.488888888888889
    GenerationalDistance: 0.0
