eMOEA:
    Hypervolume: 0.4750617283950619
    GenerationalDistance: 5.263157894736842E-4
NSGAII:
    Hypervolume: 0.1417283950617284
    GenerationalDistance: 0.0
Random:
    Hypervolume: 0.0
    GenerationalDistance: 0.02
NSGAIII:
    Hypervolume: 0.4869135802469136
    GenerationalDistance: 0.0
